dimension,    blas,      neopt,     opt_m,     opt_f
200,      0.005361,   0.099466,  0.027801,  0.013673
400,      0.037449,   0.901142,  0.212354,  0.477222
600,      0.121156,   2.850153,  0.703717,  2.186731
800,      0.282592,   7.065257,  1.656409,  2.312597
1000,     0.548567,  12.282537,  3.111831,  4.617858
1200,     0.945947,  24.605560,  5.489986,  6.065244
1400,     1.491791,  36.425404,  8.312643,  9.216109
1600,     2.185826,  66.263771, 12.363539, 17.423241
1800,     2.993570,  85.941055, 17.790159, 22.288567
2000,     3.983938, 129.553513, 23.790136, 33.035080
