dimension,    blas,      neopt,     opt_m,     opt_f
200,      0.005424,   0.101231,  0.052925,  0.013939
400,      0.037898,   0.893773,  0.414637,  0.388102
600,      0.121047,   2.823863,  1.376449,  1.560481
800,      0.280000,   7.113716,  3.086373,  2.294801
1000,     0.545631,  12.233375,  5.826657,  3.170032
1200,     0.938972,  24.712921,  9.918448,  5.960010
1400,     1.485315,  36.371895, 15.708841,  9.205656
1600,     2.175971,  66.200989, 23.429165, 16.108507
1800,     2.994459,  86.523048, 33.252769, 21.467596
2000,     3.994383, 127.948036, 45.530571, 32.580471
